11
01

11
01

22
02

33
03

44
04

55
05

66
06

11
11

22
22

33
33

44
44

55
55

66
66

77
77

88
88

100
111

200
222

300
333

400
444

500
555

600
666

111
111

222
222

333
333

444
444

555
555

666
666

101
111

202
222

303
333

404
444

505
555

606
666

100
111
001

200
222
002

300
333
003

400
444
004

500
555
005

600
666
006

101
111
101

202
222
202

303
333
303

404
444
404

505
555
505

606
666
606

010
111
010

020
222
020

030
333
030

040
444
040

050
555
050

060
666
060

110
111
011

220
222
022

330
333
033

440
444
044

550
555
055

660
666
066

111
101
111

222
202
222

333
303
333

444
404
444

555
505
555

666
606
666