11
01

12
01

22
02

23
02

11
11

22
22

33
33

44
44

55
55

66
66

77
77

88
88

100
111

200
222

300
333

400
444

500
555

111
111

211
211

322
322

422
422

212
212

323
323

424
424

101
111

202
222

202
232

202
242

100
111
001

200
222
002

300
222
003

100
111
001

200
222
002

300
232
003

300
242
003

101
111
101

202
212
202

303
313
303

404
424
404

010
111
010

010
121
010

010
131
010

020
222
020

020
232
020

020
242
020

030
333
030

030
343
030

030
353
030

110
111
011

220
222
022

320
323
023

330
323
033

420
424
024

440
424
044

430
434
034

440
434
044

530
535
035

550
535
055

111
101
111

212
101
212

222
202
222

323
202
323